1,,478890.073,2369560.049,13.687
2,,478796.872,2369610.192,14.796
3,,478796.902,2369610.221,14.796
4,,478794.126,2369615.577,14.866
5,,478795.338,2369621.054,14.703
6,,478801.319,2369619.159,14.678
7,,478788.615,2369624.712,14.794
8,,478796.951,2369630.242,14.561
9,,478794.172,2369634.333,14.725
10,,478807.436,2369619.964,14.593
11,,478812.508,2369625.479,14.641
12,,478813.737,2369630.826,14.636
13,,478818.945,2369629.796,14.504
14,,478823.401,2369638.311,14.553
15,,478825.744,2369645.012,14.579
16,,478827.824,2369652.431,14.839
17,,478821.516,2369655.811,14.783
18,,478817.904,2369650.461,14.698
19,,478814.175,2369642.633,14.515
20,,478810.144,2369635.123,14.536
21,,478802.551,2369638.889,14.551
22,,478806.968,2369648.116,14.605
23,,478812.637,2369658.937,14.701
24,,478812.782,2369667.671,14.781
25,,478827.014,2369672.939,15.033
26,,478833.451,2369671.876,14.990
27,,478841.098,2369669.146,14.959
28,,478849.056,2369665.606,14.891
29,,478855.991,2369663.975,14.709
30,,478861.503,2369658.617,14.729
31,,478858.350,2369653.310,14.784
32,,478855.719,2369647.681,14.931
33,,478846.514,2369654.199,15.485
34,,478848.825,2369661.015,14.736
35,,478839.001,2369666.586,14.688
36,,478837.293,2369661.354,15.002
37,,478830.538,2369667.935,14.933
38,,478822.550,2369659.029,16.532
39,,478827.676,2369659.352,16.357
40,,478826.373,2369654.876,16.452
41,,478831.881,2369654.478,16.268
42,,478835.238,2369658.053,16.321
43,,478841.747,2369654.793,15.915
44,,478839.787,2369650.951,15.973
45,,478848.355,2369649.104,16.130
46,,478855.260,2369646.685,15.802
47,,478855.791,2369647.308,15.034
48,,478848.983,2369650.644,15.252
49,,478838.148,2369658.439,15.167
50,,478827.804,2369661.082,15.408
51,,478820.746,2369661.072,15.465
52,,478821.029,2369657.135,15.187
53,,478825.905,2369653.543,15.338
54,,478835.860,2369651.016,15.231
55,,478845.746,2369647.099,15.139
56,,478854.344,2369646.062,15.067
57,,478834.553,2369672.488,15.528
58,,478844.799,2369668.299,15.317
59,,478855.481,2369665.585,15.056
60,,478858.712,2369669.214,15.147
61,,478848.144,2369675.247,15.359
62,,478840.964,2369679.210,15.515
63,,478846.244,2369686.069,15.569
64,,478851.942,2369679.850,15.462
65,,478858.765,2369672.329,15.229
66,,478866.442,2369637.048,14.469
67,,478872.957,2369624.970,14.401
68,,478878.109,2369605.991,14.279
69,,478883.542,2369589.128,14.301
70,,478890.702,2369584.158,14.578
71,,478901.913,2369587.023,14.080
72,,478898.798,2369596.781,14.480
73,,478898.031,2369605.257,14.205
74,,478895.884,2369615.525,14.657
75,,478893.778,2369626.971,14.818
76,,478896.115,2369581.226,14.449
77,,478900.682,2369585.395,14.337
78,,478907.579,2369583.108,12.598
79,,478917.927,2369583.493,12.409
80,,478929.079,2369584.362,12.208
81,,478938.918,2369586.030,12.198
82,,478948.369,2369588.885,11.728
83,,478956.666,2369587.807,12.259
84,,478957.405,2369581.054,11.987
85,,478959.820,2369572.232,12.028
86,,478961.786,2369563.726,12.018
87,,478957.686,2369559.803,11.029
88,,478955.076,2369570.956,11.130
89,,478952.725,2369580.302,11.405
90,,478946.422,2369575.834,11.033
91,,478948.802,2369566.055,11.021
92,,478951.513,2369556.523,10.906
93,,478946.027,2369554.567,10.949
94,,478942.849,2369564.887,11.046
95,,478941.866,2369574.866,11.073
96,,478948.625,2369547.243,10.991
97,,478953.711,2369536.873,10.719
98,,478957.670,2369527.616,10.602
99,,478962.759,2369519.302,10.742
100,,478968.841,2369522.130,10.375
101,,478963.423,2369533.628,10.451
102,,478958.465,2369544.223,10.724
103,,478963.158,2369549.765,11.308
104,,478966.981,2369540.861,11.076
105,,478969.984,2369530.050,10.785
106,,478976.648,2369523.777,10.657
107,,478989.008,2369525.364,10.997
108,,478998.632,2369517.177,10.933
109,,478993.042,2369512.747,10.362
110,,478987.263,2369517.261,10.219
111,,478983.003,2369522.343,10.390
112,,478974.400,2369514.546,10.245
113,,478979.767,2369508.302,10.045
114,,478984.966,2369510.688,10.107
115,,478997.022,2369511.370,10.320
116,,478995.964,2369504.887,10.254
117,,479004.292,2369499.433,10.292
118,,479009.024,2369505.336,10.422
119,,479016.782,2369501.849,10.510
120,,479015.900,2369496.070,10.361
121,,479022.928,2369494.992,10.440
122,,479018.890,2369491.182,10.243
123,,479025.222,2369488.153,10.138
124,,479028.974,2369493.340,10.604
125,,479032.548,2369489.280,10.286
126,,479029.443,2369485.918,10.010
127,,479047.215,2369459.770,8.243
128,,479047.486,2369467.801,8.450
129,,479047.495,2369472.967,8.967
130,,479038.207,2369480.693,9.607
131,,479033.598,2369468.920,8.570
132,,479032.147,2369462.736,8.649
133,,479032.070,2369462.772,8.658
134,,479039.046,2369461.285,8.351
135,,479041.084,2369467.546,8.505
136,,479025.566,2369475.163,8.931
137,,479026.921,2369482.131,9.591
138,,479016.442,2369485.856,9.808
139,,479014.066,2369480.932,9.408
140,,479011.004,2369490.670,9.767
141,,479008.231,2369485.880,9.621
142,,479002.241,2369496.750,9.772
143,,478992.294,2369502.327,9.776
144,,478983.638,2369506.712,9.837
145,,478981.612,2369498.910,9.351
146,,478977.204,2369492.378,9.188
147,,478986.257,2369486.781,9.192
148,,478991.439,2369492.644,9.381
149,,478991.234,2369482.979,9.156
150,,479000.976,2369486.160,9.296
151,,479006.774,2369483.118,9.327
152,,478973.820,2369489.056,8.888
153,,478977.389,2369499.547,9.255
154,,478971.327,2369499.907,9.257
155,,478974.097,2369507.114,9.31
156,,478967.622,2369508.146,9.471
157,,478970.700,2369517.487,10.213
158,,478965.795,2369514.849,10.543
159,,478960.427,2369523.176,10.752
160,,478955.265,2369532.742,10.636
161,,478949.920,2369543.787,10.835
162,,478946.071,2369554.131,10.998
163,,478936.198,2369578.128,9.919
164,,478925.883,2369575.309,9.940
165,,478916.498,2369572.684,9.782
166,,478905.905,2369569.439,10.058
167,,478907.076,2369562.626,9.705
168,,478921.527,2369565.823,9.610
169,,478931.195,2369569.176,9.618
170,,478939.366,2369572.266,9.669
171,,478941.386,2369562.894,9.560
172,,478931.174,2369560.391,9.617
173,,478922.521,2369558.089,9.467
174,,478910.349,2369554.841,9.895
175,,478911.535,2369542.925,9.765
176,,478921.602,2369544.407,9.410
177,,478933.436,2369547.533,9.317
178,,478944.890,2369551.177,9.218
179,,478948.824,2369541.078,9.266
180,,478937.608,2369537.466,9.351
181,,478927.384,2369534.132,9.365
182,,478913.570,2369530.518,9.273
183,,478916.267,2369517.783,9.373
184,,478926.230,2369523.525,9.158
185,,478937.500,2369528.357,9.371
186,,478945.954,2369531.519,9.421
187,,478952.137,2369534.933,9.376
188,,478956.115,2369525.652,9.073
189,,478944.460,2369520.136,9.005
190,,478929.757,2369512.938,9.081
191,,478917.579,2369510.409,9.388
192,,478918.640,2369499.253,9.002
193,,478932.927,2369504.998,9.038
194,,478944.636,2369510.130,9.021
195,,478959.897,2369518.781,9.013
196,,478962.140,2369507.127,9.152
197,,478952.675,2369502.430,9.186
198,,478943.289,2369496.399,9.222
199,,478931.730,2369489.793,9.016
200,,478921.706,2369485.940,9.053
201,,478921.204,2369478.064,9.089
202,,478922.542,2369468.910,9.222
203,,478929.943,2369475.336,8.994
204,,478938.157,2369482.015,8.994
205,,478947.822,2369490.494,8.960
206,,478957.624,2369496.242,8.952
207,,478966.432,2369498.244,8.947
208,,478969.367,2369490.025,8.385
209,,478958.719,2369486.072,8.371
210,,478950.727,2369483.982,8.371
211,,478940.421,2369477.751,8.068
212,,478934.857,2369472.241,8.524
213,,478926.660,2369467.596,8.596
214,,478929.024,2369458.359,8.746
215,,478934.178,2369460.163,8.682
216,,478936.202,2369469.422,8.581
217,,478936.933,2369476.024,8.579
218,,478942.582,2369479.553,8.084
219,,478954.699,2369480.580,8.083
220,,478955.809,2369484.939,8.348
221,,478965.328,2369488.157,8.314
222,,478969.837,2369489.715,8.373
223,,478951.600,2369471.158,8.077
224,,478941.503,2369472.647,8.084
225,,478937.903,2369463.296,8.081
226,,478936.219,2369456.839,8.134
227,,478946.348,2369462.936,8.198
228,,478952.510,2369470.377,8.139
229,,478959.498,2369479.293,7.895
230,,478956.142,2369473.279,7.819
231,,478966.826,2369475.468,7.395
232,,478977.177,2369470.117,7.366
233,,478968.595,2369465.648,7.307
234,,478956.392,2369459.709,7.351
235,,478948.856,2369456.803,7.312
236,,478948.719,2369462.141,7.368
237,,478956.881,2369468.484,7.323
238,,478966.375,2369457.726,7.454
239,,478978.385,2369466.245,7.505
240,,478983.790,2369471.196,8.000
241,,478973.169,2369475.641,7.782
242,,478965.011,2369480.025,7.895
243,,478972.631,2369483.587,7.951
244,,478981.808,2369478.654,7.980
245,,478988.990,2369476.132,8.039
246,,478993.584,2369473.391,7.690
247,,478989.748,2369467.542,7.703
248,,478998.581,2369462.271,7.638
249,,479002.962,2369467.306,7.649
250,,479015.229,2369460.589,7.778
251,,479006.934,2369457.273,7.706
252,,479001.848,2369456.745,7.251
253,,478993.572,2369460.139,7.191
254,,478984.141,2369466.910,7.189
255,,478981.680,2369462.719,6.931
256,,478972.338,2369455.042,6.863
257,,478960.989,2369451.240,6.901
258,,478952.008,2369446.426,6.926
259,,478953.826,2369438.264,6.904
260,,478956.467,2369433.090,7.066
261,,478965.520,2369439.538,7.068
262,,478974.874,2369445.004,7.016
263,,478980.103,2369453.364,7.056
264,,478988.756,2369458.612,6.912
265,,478994.743,2369453.842,6.821
266,,479012.278,2369454.476,7.196
267,,479018.500,2369457.540,7.268
268,,479025.222,2369451.643,7.205
269,,479034.830,2369435.910,5.606
270,,479030.837,2369438.827,5.697
271,,479031.314,2369432.809,5.317
272,,479041.559,2369436.431,5.621
273,,479026.178,2369433.282,5.497
274,,479025.584,2369442.136,6.105
275,,479019.063,2369441.013,5.822
276,,479012.155,2369444.653,5.869
277,,479004.868,2369439.942,5.867
278,,479012.888,2369437.675,5.844
279,,479017.883,2369435.176,5.699
280,,479007.039,2369447.939,6.419
281,,479002.789,2369450.969,6.507
282,,479001.228,2369442.722,6.415
283,,478993.697,2369435.790,6.419
284,,478985.553,2369429.763,6.476
285,,478978.405,2369425.142,6.467
286,,478968.595,2369421.358,6.934
287,,478957.918,2369421.919,7.498
288,,478952.322,2369425.238,7.622
289,,478952.273,2369432.070,7.567
290,,478959.903,2369433.176,6.741
291,,478967.007,2369428.416,6.757
292,,478969.311,2369441.591,6.968
293,,478979.694,2369437.585,6.586
294,,478983.849,2369429.327,6.578
295,,478984.016,2369444.907,6.687
296,,478992.986,2369452.329,6.851
297,,478984.166,2369457.640,6.936
298,,478975.128,2369445.110,7.044
299,,478965.170,2369447.559,6.838
300,,478952.921,2369443.710,6.951
301,,478945.696,2369459.314,7.625
302,,478937.211,2369454.835,7.652
303,,478938.131,2369445.213,7.615
304,,478945.956,2369446.726,7.632
305,,478948.659,2369434.418,7.616
306,,478938.099,2369433.989,7.626
307,,478939.157,2369427.110,7.582
308,,478948.857,2369424.264,7.687
309,,478950.224,2369431.415,7.650
310,,478935.302,2369425.844,8.278
311,,478931.072,2369425.523,8.345
312,,478929.208,2369435.851,8.299
313,,478934.375,2369438.414,8.502
314,,478934.142,2369448.059,8.595
315,,478931.892,2369454.508,8.766
316,,478928.831,2369445.459,8.287
317,,478929.836,2369433.959,8.295
318,,478928.945,2369441.960,8.414
319,,478935.693,2369423.138,8.501
320,,478942.751,2369422.093,8.133
321,,478948.491,2369420.561,7.914
322,,478951.032,2369411.952,7.821
323,,478943.290,2369410.527,7.961
324,,478938.541,2369409.957,8.514
325,,478940.475,2369397.417,8.583
326,,478941.657,2369389.556,8.284
327,,478949.188,2369389.229,7.484
328,,478947.447,2369400.136,7.753
329,,478950.916,2369409.398,7.770
330,,478936.636,2369391.147,8.533
331,,478935.462,2369397.237,8.817
332,,478933.319,2369407.168,8.942
333,,478931.708,2369415.162,8.906
334,,478930.692,2369420.530,8.882
335,,478961.937,2369414.428,6.933
336,,478964.081,2369404.780,6.605
337,,478957.398,2369406.225,7.084
338,,478953.016,2369402.539,7.210
339,,478961.597,2369399.225,6.933
340,,478955.630,2369398.541,7.136
341,,478949.745,2369389.012,7.502
342,,478956.560,2369392.259,7.147
343,,478959.861,2369395.694,7.050
344,,478967.788,2369403.914,6.626
345,,478975.617,2369409.095,6.769
346,,478981.700,2369413.127,6.543
347,,478975.554,2369415.005,6.290
348,,478969.118,2369412.772,6.509
349,,478963.209,2369413.420,6.854
350,,478983.926,2369417.962,6.094
351,,478989.803,2369425.021,6.138
352,,478993.408,2369427.249,6.129
353,,478994.206,2369423.951,6.114
354,,478988.617,2369417.517,6.134
355,,478997.430,2369424.481,5.867
356,,479004.303,2369425.049,5.868
357,,478996.067,2369431.491,5.828
358,,478999.016,2369435.505,5.968
359,,479006.651,2369433.164,5.747
360,,479007.273,2369426.619,5.771
361,,479014.685,2369430.196,5.815
362,,479023.102,2369429.260,4.981
363,,479031.755,2369430.651,5.066
364,,479037.642,2369431.601,5.013
365,,479039.241,2369423.514,4.979
366,,479030.652,2369423.463,4.996
367,,479024.261,2369422.169,4.971
368,,479026.403,2369415.894,4.635
369,,479038.183,2369417.019,4.647
370,,479041.061,2369421.621,4.628
371,,479029.943,2369412.501,4.265
372,,479024.941,2369402.868,4.274
373,,479017.673,2369395.297,4.284
374,,479013.508,2369391.468,4.303
375,,479010.470,2369399.080,4.384
376,,479017.201,2369407.121,4.278
377,,479023.172,2369411.348,4.328
378,,479023.939,2369417.044,4.688
379,,479016.580,2369413.316,4.729
380,,479010.634,2369410.475,4.697
381,,479009.294,2369415.024,4.993
382,,479002.879,2369415.571,5.059
383,,478999.750,2369407.964,5.022
384,,479006.716,2369402.709,5.015
385,,479002.534,2369391.997,5.024
386,,478996.777,2369399.548,5.064
387,,478993.503,2369404.169,5.684
388,,478988.321,2369410.507,5.655
389,,478994.419,2369414.858,5.630
390,,478998.201,2369419.429,5.683
391,,479006.995,2369418.949,5.210
392,,479015.516,2369420.793,5.196
393,,479021.693,2369422.469,5.154
394,,479018.975,2369427.128,5.243
395,,479009.009,2369423.199,5.220
396,,478990.513,2369396.233,5.955
397,,478982.270,2369391.261,5.928
398,,478975.515,2369387.099,5.927
399,,478971.192,2369397.538,5.894
400,,478978.212,2369402.084,5.900
401,,478984.459,2369406.480,5.946
402,,478968.044,2369400.223,6.411
403,,478971.174,2369391.658,6.422
404,,478973.508,2369386.137,6.395
405,,478970.782,2369380.908,6.420
406,,478965.724,2369386.410,6.359
407,,478962.841,2369393.416,6.344
408,,478958.604,2369389.931,6.942
409,,478961.177,2369382.787,7.047
410,,478963.256,2369375.995,6.949
411,,478957.493,2369373.314,7.416
412,,478953.986,2369379.020,7.358
413,,478950.892,2369385.423,7.429
414,,478943.336,2369386.948,7.980
415,,478936.744,2369387.098,8.347
416,,478947.748,2369379.236,7.390
417,,478951.182,2369373.250,7.317
418,,478954.826,2369367.754,7.385
419,,478950.798,2369361.527,7.353
420,,478945.843,2369364.326,7.386
421,,478942.091,2369367.809,7.530
422,,478954.754,2369361.159,6.902
423,,478953.044,2369362.463,7.437
424,,478946.532,2369358.871,7.376
425,,478942.443,2369353.493,7.448
426,,478944.677,2369345.247,6.935
427,,478952.175,2369345.055,6.913
428,,478951.701,2369353.243,6.886
429,,478958.196,2369355.318,6.923
430,,478960.911,2369351.651,6.964
431,,478960.610,2369345.136,6.927
432,,478965.192,2369356.582,6.891
433,,478960.464,2369363.124,6.830
434,,478965.216,2369366.531,6.878
435,,478969.388,2369359.329,6.873
436,,478976.065,2369363.110,6.546
437,,478971.808,2369368.317,6.554
438,,478968.035,2369373.231,6.627
439,,478976.312,2369377.191,5.790
440,,478980.666,2369379.883,5.863
441,,478982.980,2369382.642,5.532
442,,478988.518,2369386.369,5.500
443,,478994.245,2369391.222,5.524
444,,478999.401,2369382.522,5.535
445,,478991.580,2369378.526,5.499
446,,478986.407,2369373.339,5.499
447,,478983.272,2369369.607,5.826
448,,478979.035,2369365.863,5.884
449,,478985.703,2369363.008,5.598
450,,478981.315,2369360.023,5.557
451,,478980.804,2369350.355,5.518
452,,478985.312,2369348.348,5.525
453,,478979.572,2369346.700,5.545
454,,478980.014,2369338.220,5.412
455,,478975.053,2369332.316,5.430
456,,478969.000,2369324.769,5.414
457,,478956.370,2369326.550,5.704
458,,478959.943,2369334.555,6.389
459,,478968.775,2369336.218,6.169
460,,478973.988,2369342.224,6.241
461,,478972.961,2369350.010,6.196
462,,478973.395,2369359.823,6.576
463,,478976.438,2369363.065,6.497
464,,479003.190,2369383.620,5.237
465,,479005.374,2369391.267,5.057
466,,479008.080,2369398.216,5.204
467,,479013.969,2369401.640,4.293
468,,479025.880,2369410.340,4.329
469,,479030.340,2369409.470,4.302
470,,479023.578,2369400.749,4.263
471,,479011.693,2369390.177,4.681
472,,479011.956,2369379.333,4.779
473,,479010.527,2369374.324,4.714
474,,479006.792,2369378.942,4.847
475,,479004.115,2369374.718,4.610
476,,479012.212,2369368.504,4.572
477,,479007.126,2369366.485,4.661
478,,479001.080,2369365.940,5.045
479,,479000.070,2369372.529,5.050
480,,478994.988,2369369.656,5.040
481,,478993.538,2369362.379,5.073
482,,478985.657,2369360.778,5.570
2,,478813.136,2369630.416,14.674
3,,478808.321,2369639.851,14.438
4,,478803.076,2369646.742,14.608
5,,478809.609,2369657.960,14.722
6,,478817.366,2369650.044,14.646
7,,478826.270,2369642.200,14.597
8,,478824.285,2369633.139,14.652
9,,478839.930,2369649.352,14.827
10,,478850.102,2369647.576,14.859
11,,478850.046,2369647.521,14.858
12,,478855.169,2369646.627,15.805
13,,478844.846,2369652.600,15.833
14,,478837.621,2369651.828,15.982
15,,478830.121,2369656.550,16.209
16,,478825.929,2369659.689,16.465
17,,478826.288,2369654.977,16.438
18,,478822.530,2369659.003,16.525
19,,478824.092,2369654.201,14.963
20,,478819.544,2369658.840,14.900
21,,478830.841,2369671.458,15.029
22,,478838.283,2369670.292,14.981
23,,478846.310,2369666.691,14.883
24,,478855.646,2369663.776,14.817
25,,478852.899,2369653.795,14.823
26,,478841.654,2369657.300,15.090
27,,478835.011,2369661.566,15.041
28,,478833.752,2369672.754,15.585
29,,478841.841,2369669.931,15.388
30,,478852.822,2369666.249,15.200
31,,478860.332,2369671.225,15.181
32,,478849.516,2369674.869,15.343
33,,478839.973,2369678.368,15.525
34,,478845.750,2369685.634,15.633
35,,478852.815,2369680.020,15.401
36,,478889.394,2369622.921,14.727
37,,478895.129,2369611.576,14.502
38,,478899.578,2369601.128,14.291
39,,478900.195,2369594.026,14.315
40,,478899.928,2369585.235,14.376
41,,478901.007,2369581.586,13.930
42,,478895.984,2369581.242,14.514
43,,478906.338,2369582.993,12.692
44,,478917.409,2369583.410,12.415
45,,478928.365,2369584.578,12.150
46,,478938.974,2369585.980,12.212
47,,478948.278,2369588.869,11.740
48,,478953.143,2369580.041,11.451
49,,478955.575,2369568.028,11.111
50,,478958.144,2369559.258,11.188
51,,478951.381,2369556.844,10.905
52,,478948.552,2369567.328,11.027
53,,478946.812,2369575.483,11.191
54,,478941.501,2369573.302,11.162
55,,478943.161,2369563.935,10.966
56,,478946.213,2369554.053,11.013
57,,478948.381,2369548.108,10.882
58,,478954.750,2369549.157,10.827
59,,478952.452,2369539.064,10.813
60,,478961.758,2369542.829,11.050
61,,478963.054,2369549.878,11.379
62,,478964.602,2369536.512,10.913
63,,478970.459,2369528.006,10.788
64,,478975.952,2369523.664,10.660
65,,478977.909,2369522.037,10.655
66,,478985.077,2369525.144,10.991
67,,478993.475,2369523.028,11.196
68,,478993.982,2369528.438,12.115
69,,478993.998,2369531.829,12.130
70,,478998.531,2369521.370,11.905
71,,478992.749,2369517.228,10.732
72,,478989.401,2369513.103,10.246
73,,478981.582,2369508.217,10.061
74,,478997.916,2369513.553,10.505
75,,479001.612,2369508.874,10.344
76,,479010.979,2369503.973,10.444
77,,479018.273,2369499.597,10.453
78,,479015.142,2369487.549,9.772
79,,479031.390,2369490.484,10.417
80,,479023.928,2369488.952,10.123
81,,479030.356,2369485.961,9.886
82,,479034.496,2369480.120,9.459
83,,479036.447,2369483.231,9.852
84,,479042.451,2369479.051,9.456
85,,479049.149,2369470.363,8.611
86,,479045.253,2369460.169,8.250
87,,479034.115,2369462.900,8.576
88,,479027.655,2369469.653,8.618
89,,479019.504,2369474.918,8.883
90,,479015.737,2369481.718,9.450
91,,479006.903,2369483.350,9.278
92,,478995.840,2369488.510,9.335
93,,478990.314,2369481.667,9.083
94,,478984.353,2369485.737,9.112
95,,478989.036,2369494.336,9.343
96,,478980.359,2369500.585,9.322
97,,478975.633,2369495.905,9.233
98,,478973.118,2369501.518,9.280
99,,478969.112,2369508.692,9.392
100,,478966.640,2369514.130,10.532
101,,478965.295,2369524.666,10.344
102,,478955.739,2369531.564,10.577
103,,478961.976,2369520.426,10.823
104,,478953.772,2369536.842,10.734
105,,478949.396,2369545.072,10.894
106,,478945.967,2369554.762,11.013
107,,478942.366,2369566.866,11.052
108,,478941.710,2369575.060,11.067
109,,478937.338,2369577.332,9.882
110,,478927.651,2369575.206,9.747
111,,478917.785,2369573.151,9.772
112,,478905.793,2369570.805,9.924
113,,478735.408,2369566.805,14.502
114,,478750.672,2369551.462,10.984
115,,478742.482,2369551.025,10.585
116,,478739.588,2369539.769,10.680
117,,478736.657,2369526.896,10.690
118,,478725.298,2369531.197,10.681
119,,478727.431,2369542.701,10.624
120,,478731.060,2369553.544,10.787
121,,478721.212,2369563.463,10.685
122,,478719.321,2369552.246,10.457
123,,478717.169,2369542.514,10.386
124,,478715.088,2369533.506,10.492
125,,478715.861,2369529.202,10.305
126,,478703.762,2369531.555,10.332
127,,478706.754,2369544.271,10.422
128,,478710.489,2369556.480,10.430
129,,478712.595,2369566.365,10.296
130,,478702.230,2369569.909,10.444
131,,478701.924,2369557.002,10.379
132,,478698.012,2369544.605,10.465
133,,478696.945,2369531.560,10.447
134,,478684.460,2369533.660,10.017
135,,478685.448,2369546.370,10.087
136,,478687.234,2369557.412,10.153
137,,478689.755,2369567.268,10.123
138,,478690.728,2369576.260,10.069
139,,478678.735,2369579.342,10.071
140,,478677.884,2369567.624,10.059
141,,478677.783,2369554.538,10.074
142,,478676.792,2369543.659,10.100
143,,478676.648,2369533.669,10.097
144,,478667.022,2369533.911,10.057
145,,478668.584,2369546.863,10.221
146,,478668.370,2369560.415,10.247
147,,478668.877,2369570.586,10.084
148,,478670.979,2369582.270,10.080
149,,478655.709,2369591.859,10.339
150,,478657.915,2369579.778,10.056
151,,478659.994,2369569.041,9.954
152,,478661.213,2369556.731,10.027
153,,478660.919,2369547.541,9.991
154,,478657.883,2369537.999,9.946
155,,478647.881,2369540.782,9.384
156,,478650.237,2369552.541,9.429
157,,478654.640,2369561.346,9.471
158,,478654.472,2369573.726,9.604
159,,478652.447,2369589.411,9.927
160,,478646.501,2369581.858,9.629
161,,478638.321,2369589.197,9.837
162,,478640.126,2369595.596,10.071
163,,478637.789,2369580.385,9.216
164,,478650.698,2369572.055,9.114
165,,478653.652,2369562.999,9.152
166,,478640.983,2369571.305,9.143
167,,478646.198,2369562.074,9.156
168,,478652.087,2369555.501,9.356
169,,478650.851,2369547.241,9.383
170,,478649.760,2369540.246,9.394
171,,478642.324,2369541.773,8.985
172,,478638.990,2369546.564,8.881
173,,478629.410,2369539.538,8.887
174,,478630.677,2369533.736,9.037
175,,478623.478,2369530.094,8.719
176,,478620.776,2369535.104,8.794
177,,478610.099,2369529.540,8.678
178,,478610.922,2369523.915,8.695
179,,478600.190,2369518.128,8.811
180,,478602.217,2369525.743,8.697
181,,478593.940,2369519.898,8.247
182,,478590.906,2369514.208,8.275
183,,478620.157,2369537.830,8.285
184,,478610.260,2369534.753,8.381
185,,478603.575,2369531.257,8.266
186,,478621.268,2369546.818,7.941
187,,478613.903,2369543.283,8.015
188,,478611.423,2369551.796,8.044
189,,478622.418,2369553.246,7.978
190,,478622.798,2369564.139,7.994
191,,478609.565,2369565.620,7.882
192,,478610.560,2369577.900,7.968
193,,478619.409,2369576.375,7.956
194,,478628.138,2369575.407,7.979
195,,478633.757,2369573.626,8.396
196,,478637.902,2369564.170,8.474
197,,478627.417,2369566.080,8.324
198,,478625.316,2369556.462,8.405
199,,478636.482,2369554.854,8.380
200,,478631.768,2369547.227,8.427
201,,478625.591,2369548.562,8.383
202,,478625.448,2369558.451,8.410
203,,478635.763,2369576.771,8.676
204,,478635.754,2369586.648,8.696
205,,478624.558,2369591.981,8.682
206,,478618.522,2369584.765,8.644
207,,478625.990,2369581.416,8.624
208,,478610.328,2369587.890,8.690
209,,478617.824,2369596.040,8.686
210,,478612.093,2369599.375,8.587
211,,478603.334,2369590.641,8.695
212,,478618.026,2369605.040,9.378
213,,478627.369,2369601.545,9.414
214,,478637.605,2369593.945,9.458
215,,478637.160,2369589.606,9.864
216,,478626.535,2369594.380,9.604
217,,478615.124,2369601.345,9.374
218,,478601.610,2369587.510,7.982
219,,478606.927,2369584.162,7.899
220,,478606.057,2369573.885,7.922
221,,478597.715,2369574.948,7.755
222,,478591.506,2369577.565,8.058
223,,478590.122,2369572.562,7.433
224,,478599.851,2369574.021,7.414
225,,478608.368,2369570.238,7.940
226,,478607.607,2369564.457,7.640
227,,478606.032,2369559.672,7.556
228,,478598.463,2369559.926,7.415
229,,478591.111,2369559.935,7.585
230,,478603.318,2369553.338,7.694
231,,478603.928,2369547.308,7.720
232,,478605.577,2369537.525,7.847
233,,478597.773,2369531.983,7.482
234,,478593.914,2369527.591,7.244
235,,478588.869,2369523.471,7.266
236,,478583.484,2369517.479,7.282
237,,478577.692,2369513.067,7.238
238,,478573.854,2369514.885,6.702
239,,478568.574,2369516.867,6.662
240,,478566.147,2369509.129,6.796
241,,478571.793,2369521.507,6.520
242,,478577.203,2369520.881,6.637
243,,478572.872,2369525.464,6.572
244,,478582.015,2369523.207,6.805
245,,478588.360,2369530.352,6.930
246,,478593.047,2369534.608,7.439
247,,478591.867,2369540.112,7.427
248,,478590.463,2369548.951,7.468
249,,478589.898,2369557.574,7.496
250,,478585.801,2369566.657,7.171
251,,478586.496,2369556.994,7.175
252,,478586.640,2369550.447,7.106
253,,478581.356,2369554.314,7.145
254,,478579.058,2369562.711,7.071
255,,478578.666,2369568.668,7.320
256,,478572.511,2369566.064,6.705
257,,478575.061,2369558.138,6.704
258,,478577.537,2369553.095,6.663
259,,478571.799,2369550.425,6.668
260,,478567.172,2369559.029,6.681
261,,478562.620,2369566.823,6.668
262,,478574.108,2369548.593,6.800
263,,478580.543,2369553.108,7.087
264,,478576.464,2369543.080,6.854
265,,478573.859,2369537.573,6.727
266,,478574.649,2369533.685,6.776
267,,478571.540,2369528.635,6.291
268,,478562.362,2369531.518,6.232
269,,478562.673,2369527.695,5.990
270,,478559.708,2369520.513,6.028
271,,478557.234,2369514.808,5.979
272,,478564.774,2369518.399,6.058
273,,478557.223,2369513.321,6.124
274,,478551.068,2369509.345,5.849
275,,478556.700,2369521.301,5.714
276,,478550.166,2369515.060,5.595
277,,478552.074,2369521.379,5.679
278,,478556.415,2369530.590,5.642
279,,478562.411,2369531.751,6.213
280,,478562.800,2369538.107,6.196
281,,478567.030,2369544.677,6.292
282,,478570.746,2369550.466,6.387
283,,478562.041,2369546.943,6.045
284,,478554.037,2369552.350,6.145
285,,478554.984,2369547.351,5.585
286,,478556.104,2369533.984,5.668
287,,478556.010,2369530.744,5.597
288,,478550.060,2369529.119,5.279
289,,478546.337,2369537.969,5.283
290,,478542.760,2369552.302,5.335
291,,478542.702,2369556.456,5.679
292,,478549.656,2369558.001,6.086
293,,478543.613,2369565.641,6.065
294,,478552.010,2369565.911,6.257
295,,478560.964,2369566.883,6.865
296,,478563.714,2369571.447,6.977
297,,478564.576,2369562.356,6.704
298,,478575.470,2369565.405,6.696
299,,478577.933,2369554.007,6.682
300,,478540.568,2369567.415,6.207
301,,478529.417,2369565.810,5.759
302,,478535.998,2369560.467,5.743
303,,478541.635,2369556.796,5.726
304,,478549.383,2369555.283,5.793
305,,478523.303,2369565.506,5.356
306,,478523.575,2369571.573,5.651
307,,478527.197,2369578.089,6.020
308,,478533.645,2369575.760,6.082
309,,478541.772,2369575.084,6.586
310,,478524.959,2369583.381,5.973
311,,478529.477,2369590.352,6.122
312,,478530.931,2369594.328,6.576
313,,478523.370,2369600.278,6.425
314,,478517.166,2369608.016,6.425
315,,478514.418,2369613.544,6.410
316,,478510.065,2369622.377,6.442
317,,478510.251,2369629.795,6.443
318,,478517.867,2369638.098,6.864
319,,478522.520,2369630.299,7.378
320,,478526.814,2369634.703,7.404
321,,478536.154,2369632.675,7.945
322,,478538.938,2369636.893,7.983
323,,478536.321,2369619.966,7.985
324,,478538.129,2369612.902,7.898
325,,478536.382,2369604.944,7.588
326,,478528.160,2369611.019,7.182
327,,478519.883,2369614.113,7.243
328,,478537.940,2369601.149,7.561
329,,478543.621,2369601.863,7.570
330,,478551.043,2369602.491,7.598
331,,478556.026,2369595.772,7.424
332,,478559.425,2369590.847,7.432
333,,478566.540,2369590.004,7.44
334,,478576.312,2369587.858,7.758
335,,478569.112,2369583.305,6.969
336,,478575.543,2369582.751,7.086
337,,478574.534,2369573.313,7.124
338,,478559.775,2369573.757,6.946
339,,478560.150,2369582.164,6.931
340,,478552.750,2369583.490,6.566
341,,478552.185,2369574.413,6.550
342,,478552.341,2369569.559,6.631
343,,478541.309,2369569.970,6.582
344,,478541.485,2369577.850,6.490
345,,478541.083,2369585.741,6.504
346,,478539.497,2369591.270,6.879
347,,478546.538,2369593.316,6.746
348,,478552.572,2369594.802,6.891
349,,478555.991,2369606.342,7.911
350,,478547.737,2369608.539,7.872
351,,478538.270,2369608.982,7.879
352,,478536.459,2369620.047,7.998
353,,478543.550,2369620.394,7.940
354,,478530.771,2369624.097,7.968
355,,478549.873,2369632.760,8.339
356,,478549.713,2369623.166,8.371
357,,478552.928,2369616.802,8.430
358,,478556.695,2369611.522,8.417
359,,478563.641,2369611.592,8.395
360,,478570.421,2369610.871,8.454
361,,478573.630,2369606.748,8.276
362,,478573.183,2369602.294,8.171
363,,478577.494,2369592.607,7.973
364,,478576.715,2369587.761,7.700
365,,478564.875,2369603.273,8.014
366,,478557.053,2369604.991,7.962
1,,478721.889,2369566.623,14.829
2,,478757.360,2369532.245,14.708
3,,478698.160,2369591.154,15.150
4,,478705.771,2369583.238,15.017
5,,478713.163,2369575.758,14.977
6,,478722.329,2369566.211,14.840
7,,478732.011,2369557.068,14.865
8,,478737.622,2369551.478,14.878
9,,478746.594,2369543.089,14.435
10,,478759.685,2369529.710,14.585
11,,478770.757,2369518.222,14.376
12,,478780.571,2369508.908,14.262
13,,478789.019,2369500.070,14.057
14,,478800.558,2369488.799,13.895
15,,478810.341,2369481.114,13.894
16,,478822.083,2369466.532,13.508
17,,478833.877,2369454.830,13.379
18,,478844.354,2369443.863,12.973
19,,478856.949,2369430.826,12.785
20,,478868.134,2369419.907,12.621
21,,478878.679,2369409.549,11.828
22,,478887.611,2369400.432,11.791
23,,478897.850,2369389.548,11.745
24,,478906.624,2369379.834,11.948
25,,478914.955,2369370.093,11.797
26,,478920.320,2369381.162,11.804
27,,478917.550,2369385.828,12.016
28,,478910.553,2369392.223,12.204
29,,478903.080,2369399.546,12.160
30,,478894.407,2369408.022,12.067
31,,478885.423,2369416.719,12.061
32,,478877.266,2369425.125,12.319
33,,478867.332,2369434.128,12.637
34,,478857.394,2369444.183,12.927
35,,478849.451,2369452.013,13.018
36,,478839.742,2369460.780,13.326
37,,478831.891,2369470.077,13.585
38,,478824.283,2369479.604,13.660
39,,478816.976,2369487.638,13.730
40,,478808.683,2369496.122,13.810
41,,478800.770,2369504.246,13.913
42,,478792.751,2369511.872,14.052
43,,478783.231,2369522.137,14.314
44,,478774.420,2369531.849,14.391
45,,478765.510,2369540.359,14.481
46,,478756.304,2369550.360,14.527
47,,478747.718,2369558.023,14.595
48,,478734.626,2369570.065,14.833
49,,478725.747,2369579.426,14.861
50,,478733.860,2369586.903,14.864
51,,478735.980,2369596.233,14.869
52,,478728.098,2369605.934,14.945
53,,478718.312,2369614.291,14.989
54,,478713.706,2369618.772,15.160
55,,478719.704,2369628.802,15.139
56,,478726.791,2369634.903,15.085
57,,478736.648,2369640.916,15.013
58,,478746.812,2369634.130,15.062
59,,478736.349,2369626.742,14.998
60,,478725.994,2369618.039,14.827
61,,478735.582,2369609.000,14.995
62,,478743.716,2369600.238,14.864
63,,478751.187,2369608.288,14.933
64,,478742.156,2369616.435,14.919
65,,478734.598,2369624.737,14.965
66,,478725.995,2369634.271,15.115
67,,478744.958,2369635.437,15.060
68,,478735.557,2369628.046,15.083
69,,478725.751,2369617.749,14.843
70,,478733.688,2369609.376,14.975
71,,478742.269,2369616.646,14.901
72,,478754.217,2369626.789,15.021
73,,478760.084,2369621.081,15.011
74,,478752.167,2369612.097,14.942
75,,478745.015,2369603.355,14.896
76,,478737.924,2369579.028,14.882
77,,478746.509,2369570.685,14.730
78,,478755.520,2369562.958,14.631
79,,478764.194,2369554.740,14.561
80,,478773.017,2369546.064,14.440
81,,478781.840,2369537.055,14.377
82,,478790.475,2369528.524,14.370
83,,478798.811,2369520.224,14.275
84,,478807.295,2369511.852,14.083
85,,478814.796,2369503.378,13.933
86,,478824.124,2369494.728,13.824
87,,478832.503,2369485.448,13.785
88,,478841.251,2369475.567,13.846
89,,478849.304,2369466.468,13.339
90,,478858.546,2369457.587,12.987
91,,478866.739,2369448.763,12.795
92,,478875.124,2369439.973,12.675
93,,478885.448,2369431.952,12.638
94,,478893.475,2369423.129,12.503
95,,478901.750,2369416.178,12.507
96,,478913.616,2369405.388,12.333
97,,478917.064,2369412.889,12.961
98,,478908.932,2369419.502,12.617
99,,478899.278,2369427.675,12.542
100,,478889.821,2369435.803,12.570
101,,478881.841,2369443.234,12.638
102,,478872.072,2369450.545,12.784
103,,478862.660,2369459.418,13.046
104,,478854.414,2369466.497,13.406
105,,478918.451,2369440.646,13.036
106,,478908.518,2369446.866,12.926
107,,478900.056,2369452.972,12.882
108,,478890.783,2369460.092,13.277
109,,478882.721,2369466.074,13.211
110,,478875.161,2369472.344,12.905
111,,478866.905,2369477.712,12.975
112,,478859.261,2369486.378,13.559
113,,478850.626,2369492.206,13.656
114,,478840.864,2369498.910,13.806
115,,478832.595,2369506.531,13.939
116,,478824.349,2369514.698,14.101
117,,478816.060,2369522.233,14.359
118,,478807.344,2369530.822,14.474
119,,478798.493,2369538.226,14.444
120,,478790.651,2369545.122,14.645
121,,478781.619,2369552.832,14.532
122,,478773.859,2369561.188,14.661
123,,478764.568,2369568.788,14.591
124,,478755.208,2369576.421,14.692
125,,478747.502,2369584.144,14.779
126,,478740.516,2369590.877,14.855
127,,478750.750,2369594.985,14.780
128,,478759.165,2369586.732,14.707
129,,478766.793,2369577.738,14.580
130,,478774.995,2369569.843,14.618
131,,478782.897,2369561.335,14.698
132,,478791.421,2369553.352,14.607
133,,478799.042,2369544.239,14.560
134,,478807.956,2369537.241,14.563
135,,478813.574,2369529.858,14.608
136,,478823.520,2369523.365,14.279
137,,478833.318,2369515.989,14.245
138,,478842.843,2369509.112,14.086
139,,478853.044,2369502.781,13.807
140,,478863.400,2369494.261,13.654
141,,478872.516,2369487.921,13.558
142,,478877.873,2369487.683,13.579
143,,478882.942,2369485.281,13.842
144,,478880.207,2369492.576,13.966
145,,478875.232,2369496.106,13.184
146,,478865.130,2369501.842,13.622
147,,478856.296,2369509.631,14.105
148,,478845.954,2369517.418,14.351
149,,478837.886,2369524.672,14.358
150,,478830.113,2369531.776,14.372
151,,478821.217,2369539.919,14.498
152,,478812.558,2369547.844,14.543
154,,478795.943,2369564.263,14.666
155,,478787.159,2369572.590,14.578
156,,478779.082,2369580.677,14.497
157,,478770.774,2369588.986,14.562
158,,478762.070,2369596.276,14.716
159,,478753.886,2369603.668,14.853
160,,478762.771,2369611.022,14.794
161,,478771.757,2369602.647,14.676
162,,478780.921,2369590.411,14.483
163,,478789.926,2369582.691,14.520
164,,478798.926,2369573.880,14.675
165,,478806.785,2369565.601,14.731
166,,478815.737,2369557.390,14.793
167,,478824.133,2369550.200,14.563
168,,478833.169,2369542.168,14.343
169,,478841.555,2369534.420,14.315
170,,478850.169,2369527.230,14.137
171,,478859.040,2369520.011,14.069
172,,478867.983,2369515.824,13.258
173,,478877.976,2369513.360,13.315
174,,478885.383,2369502.201,13.741
175,,478889.581,2369502.666,13.647
176,,478892.039,2369508.094,13.883
177,,478883.617,2369513.313,13.134
178,,478872.262,2369520.973,13.473
179,,478863.133,2369529.265,13.989
180,,478856.829,2369537.804,14.045
181,,478845.642,2369548.282,14.380
182,,478836.763,2369556.026,14.451
183,,478828.734,2369563.687,14.625
184,,478820.203,2369571.169,14.782
185,,478813.034,2369579.110,14.771
186,,478803.498,2369587.673,14.737
187,,478795.998,2369596.476,14.606
188,,478788.023,2369604.625,15.433
189,,478783.320,2369611.426,15.016
190,,478779.041,2369620.218,14.890
191,,478775.771,2369628.085,15.598
192,,478774.283,2369630.079,16.068
193,,478768.865,2369629.635,14.997
194,,478763.333,2369638.278,14.959
195,,478754.581,2369644.639,15.151
196,,478748.699,2369652.223,15.177
197,,478742.087,2369659.665,15.174
198,,478734.216,2369667.630,15.513
199,,478728.836,2369674.034,15.786
200,,478725.069,2369682.175,15.664
201,,478734.262,2369688.945,16.159
202,,478734.085,2369696.480,16.045
203,,478737.843,2369703.610,17.345
204,,478745.077,2369704.728,16.003
205,,478748.112,2369695.592,15.930
206,,478756.679,2369691.773,15.687
207,,478766.229,2369687.810,15.938
208,,478772.091,2369684.330,15.694
209,,478768.874,2369673.257,15.329
210,,478757.573,2369678.319,15.341
211,,478748.519,2369683.310,15.476
212,,478754.190,2369672.355,15.401
213,,478764.975,2369668.760,15.312
214,,478764.720,2369658.512,15.512
215,,478740.734,2369680.936,15.595
216,,478748.006,2369672.208,15.483
217,,478755.226,2369662.802,15.495
218,,478764.948,2369654.563,16.787
219,,478768.803,2369649.280,16.582
220,,478770.269,2369647.007,16.741
221,,478773.528,2369643.831,16.516
222,,478774.343,2369637.553,14.899
223,,478782.377,2369635.467,14.769
224,,478787.433,2369626.388,15.551
225,,478788.493,2369625.285,15.647
226,,478800.804,2369610.440,14.799
227,,478808.455,2369603.175,14.761
228,,478817.703,2369593.987,14.651
229,,478824.523,2369584.290,14.729
230,,478834.017,2369577.711,14.549
231,,478842.779,2369569.398,14.492
232,,478851.720,2369562.202,14.261
233,,478859.131,2369554.017,14.133
234,,478868.313,2369543.787,14.137
235,,478876.930,2369537.154,13.699
236,,478883.949,2369529.517,13.394
237,,478891.463,2369519.351,13.160
238,,478896.436,2369510.592,13.784
239,,478900.784,2369503.247,12.990
240,,478905.070,2369494.067,12.847
241,,478896.627,2369493.476,13.439
242,,478900.780,2369484.086,13.196
243,,478907.631,2369478.258,12.995
244,,478913.207,2369484.823,12.710
245,,478913.158,2369492.485,12.821
246,,478908.418,2369501.650,12.937
247,,478906.670,2369512.033,13.187
248,,478906.003,2369519.529,13.383
249,,478900.724,2369522.698,13.589
250,,478906.019,2369532.617,13.622
251,,478896.294,2369533.536,13.695
252,,478890.229,2369540.514,13.419
253,,478881.002,2369547.944,13.653
254,,478873.220,2369555.609,13.899
255,,478864.865,2369563.586,14.113
256,,478856.034,2369571.045,14.291
257,,478847.300,2369578.522,14.396
258,,478840.328,2369587.356,14.532
259,,478832.858,2369595.563,14.547
260,,478825.523,2369603.057,14.603
261,,478817.501,2369612.874,14.711
262,,478811.513,2369621.007,14.586
263,,478800.672,2369646.024,14.627
264,,478794.224,2369650.326,14.794
265,,478787.445,2369643.236,14.800
266,,478792.284,2369635.411,15.075
267,,478788.161,2369649.389,16.368
268,,478783.211,2369655.266,16.222
269,,478783.700,2369661.696,15.301
270,,478788.592,2369677.113,15.459
271,,478786.125,2369669.252,15.104
272,,478791.251,2369675.919,15.391
273,,478801.998,2369671.201,15.250
274,,478799.253,2369662.065,14.909
275,,478794.362,2369649.947,14.779
276,,478803.199,2369649.525,14.621
277,,478807.312,2369658.692,14.832
278,,478810.119,2369667.725,15.090
279,,478816.349,2369671.130,15.038
280,,478818.871,2369671.071,14.965
281,,478812.677,2369662.913,14.835
282,,478805.557,2369652.798,14.727
283,,478799.497,2369644.029,14.604
284,,478818.628,2369625.565,14.671
285,,478825.323,2369617.544,14.751
286,,478831.869,2369608.320,14.583
287,,478840.349,2369599.711,14.454
288,,478847.552,2369590.509,14.455
289,,478855.670,2369581.940,14.269
290,,478863.788,2369572.564,14.148
291,,478871.602,2369563.574,14.061
292,,478881.302,2369555.830,13.679
293,,478891.003,2369547.634,13.433
294,,478899.475,2369540.307,13.315
295,,478906.314,2369537.914,13.203
296,,478904.825,2369546.125,13.134
297,,478897.808,2369554.027,13.547
298,,478888.976,2369563.506,13.712
299,,478881.523,2369572.580,14.094
300,,478874.401,2369581.769,14.179
301,,478866.820,2369591.522,14.146
302,,478859.944,2369601.410,14.274
303,,478853.228,2369610.077,14.590
304,,478848.370,2369620.295,14.691
305,,478843.911,2369630.172,14.749
306,,478838.138,2369638.864,14.663
307,,478848.278,2369649.165,16.191
308,,478853.462,2369656.314,14.709
309,,478859.930,2369660.507,14.702
310,,478857.348,2369653.092,14.708
311,,478855.539,2369646.731,15.610
312,,478838.629,2369642.931,14.632
313,,478844.533,2369633.580,14.680
314,,478851.257,2369622.663,14.680
315,,478857.155,2369612.675,14.462
316,,478865.088,2369604.154,14.465
317,,478871.680,2369593.854,14.160
318,,478875.274,2369584.428,14.151
319,,478881.375,2369574.897,14.008
320,,478891.276,2369565.364,13.785
321,,478902.970,2369559.053,13.380
322,,478899.534,2369565.723,13.645
323,,478894.890,2369573.221,14.046
324,,478889.995,2369580.581,14.613
325,,478887.436,2369587.575,14.552
326,,478885.116,2369597.787,14.663
327,,478882.468,2369605.477,14.456
328,,478877.848,2369614.604,14.205
329,,478871.632,2369622.972,14.134
330,,478868.681,2369633.719,14.346
331,,478863.360,2369643.201,14.684
332,,478859.813,2369652.795,14.775
333,,478861.432,2369658.633,14.726
334,,478872.266,2369654.051,14.796
335,,478874.986,2369642.456,14.446
336,,478878.686,2369631.458,14.308
337,,478882.978,2369621.156,14.582
338,,478886.056,2369616.850,14.774
339,,478888.429,2369608.485,14.664
340,,478894.764,2369599.029,14.549
341,,478897.687,2369588.582,14.547
342,,478898.130,2369596.452,14.543
343,,478895.785,2369608.245,14.542
344,,478895.819,2369615.606,14.641
345,,478893.696,2369625.283,14.752
346,,478899.663,2369627.103,14.749
347,,478895.898,2369635.484,14.343
348,,478895.206,2369641.951,14.055
349,,478891.620,2369649.021,14.136
350,,478902.759,2369649.431,13.972
351,,478907.001,2369638.197,13.844
352,,478919.080,2369638.312,13.783
353,,478918.702,2369636.569,14.409
354,,478917.337,2369650.565,14.043
355,,478928.641,2369653.310,13.995
356,,478930.505,2369645.532,13.869
357,,478932.694,2369641.754,13.866
358,,478924.212,2369635.358,14.346
359,,478766.446,2369630.048,15.463
360,,478759.731,2369623.174,15.517
361,,478751.637,2369631.389,15.549
362,,478758.411,2369638.561,15.801
363,,478748.617,2369645.973,15.590
364,,478742.408,2369639.577,15.600
365,,478733.144,2369649.365,15.606
366,,478739.116,2369657.795,15.766
367,,478729.614,2369666.455,15.801
368,,478723.238,2369659.540,15.603
369,,478731.488,2369638.809,15.571
370,,478721.004,2369631.541,15.429
371,,478712.691,2369622.029,15.416
372,,478703.374,2369613.074,15.349
373,,478700.345,2369620.936,15.346
374,,478708.223,2369628.873,15.415
375,,478715.650,2369637.457,15.453
376,,478723.008,2369646.937,15.611
377,,478718.629,2369653.129,15.641
378,,478711.134,2369644.523,15.649
379,,478705.043,2369637.492,15.612
380,,478700.545,2369631.462,15.496
381,,478692.696,2369637.081,15.503
382,,478699.439,2369644.968,15.677
383,,478708.127,2369654.676,15.478
384,,478704.492,2369663.233,15.737
385,,478697.005,2369654.830,15.629
386,,478688.731,2369645.121,15.659
387,,478682.864,2369648.188,15.707
388,,478688.081,2369656.288,15.583
389,,478692.988,2369664.682,15.798
390,,478701.202,2369668.806,16.003
391,,478712.933,2369673.044,16.152
392,,478721.983,2369678.207,15.878
393,,478724.260,2369671.999,15.821
394,,478716.141,2369663.831,15.693
395,,478705.880,2369611.049,15.338
396,,478716.803,2369598.907,15.221
397,,478727.394,2369585.888,15.081
398,,478722.545,2369579.082,15.117
399,,478731.309,2369570.683,14.844
153,,478804.610,2369555.547,14.582
1,478673.292,2369662.524,18.968,
2,478678.379,2369668.702,19.243,
3,478685.444,2369676.034,19.432,
4,478693.477,2369685.316,19.378,
5,478702.795,2369695.220,19.253,
6,478711.091,2369704.416,18.998,
7,478719.775,2369714.192,18.918,
8,478727.611,2369723.180,18.831,
9,478733.029,2369729.645,18.733,
10,478738.377,2369735.557,18.815,
11,478740.081,2369724.147,18.867,
12,478731.916,2369716.518,18.901,
13,478723.562,2369708.215,19.029,
14,478714.973,2369699.946,19.132,
15,478706.883,2369691.524,19.247,
16,478698.012,2369682.307,19.467,
17,478690.699,2369673.932,19.358,
18,478682.842,2369664.353,18.534,
19,478677.383,2369657.080,17.625,
20,478685.215,2369660.366,18.440,
21,478686.114,2369661.294,19.432,
22,478685.483,2369663.449,19.412,
23,478687.767,2369666.046,19.403,
24,478689.456,2369668.856,19.343,
25,478693.623,2369669.262,19.363,
26,478703.069,2369670.073,19.390,
27,478711.558,2369671.247,19.281,
28,478718.358,2369671.276,19.218,
29,478717.583,2369675.617,19.112,
30,478723.390,2369680.889,19.074,
31,478702.017,2369675.571,19.373,
32,478711.048,2369681.632,19.313,
33,478716.936,2369689.760,19.201,
34,478724.081,2369697.928,19.047,
35,478730.283,2369689.405,19.020,
36,478733.013,2369690.865,19.018,
37,478730.077,2369701.512,19.024,
38,478733.782,2369708.375,18.954,
39,478742.608,2369709.449,18.836,
40,478741.980,2369716.952,18.838,
41,478747.483,2369704.465,18.674,
42,478749.214,2369696.569,18.777,
43,478755.491,2369694.596,18.834,
44,478755.898,2369707.674,18.617,
45,478752.173,2369717.914,18.670,
46,478749.855,2369723.473,18.783,
47,478760.404,2369728.815,18.627,
48,478762.915,2369716.701,18.622,
49,478763.828,2369709.155,18.797,
50,478760.672,2369706.410,18.832,
51,478766.857,2369716.475,18.828,
52,478770.072,2369722.448,18.872,
53,478773.295,2369728.543,18.833,
54,478767.533,2369702.403,18.098,
55,478770.146,2369695.683,18.024,
56,478771.842,2369686.980,18.029,
57,478776.830,2369684.481,18.048,
58,478777.142,2369692.702,17.971,
59,478774.837,2369701.914,18.083,
60,478771.490,2369712.116,18.113,
61,478769.074,2369722.124,18.816,
62,478765.205,2369730.159,18.456,
63,478771.869,2369735.280,18.419,
64,478770.426,2369739.377,18.470,
65,478767.461,2369745.953,18.619,
66,478775.100,2369728.018,18.477,
67,478778.745,2369718.496,18.086,
68,478783.871,2369707.508,18.023,
69,478787.891,2369696.964,17.941,
70,478789.439,2369692.624,17.706,
71,478786.146,2369688.826,17.778,
72,478791.546,2369689.854,17.422,
73,478793.446,2369683.208,17.241,
74,478795.613,2369675.132,17.224,
75,478796.960,2369674.567,16.756,
76,478802.234,2369672.317,16.432,
77,478801.376,2369680.203,16.739,
78,478800.782,2369681.830,17.248,
79,478799.678,2369684.725,17.275,
80,478796.633,2369691.076,17.427,
81,478794.609,2369698.038,17.563,
82,478794.216,2369699.243,17.794,
83,478790.434,2369709.843,17.881,
84,478786.905,2369719.406,17.923,
85,478783.187,2369730.318,18.027,
86,478781.067,2369741.243,18.208,
87,478793.190,2369742.239,17.832,
88,478793.689,2369734.206,17.928,
89,478795.680,2369727.763,17.823,
90,478798.349,2369720.641,17.830,
91,478801.449,2369712.003,17.828,
92,478802.378,2369709.167,17.724,
93,478803.379,2369707.622,17.482,
94,478807.152,2369698.286,17.402,
95,478810.914,2369693.134,17.339,
96,478811.726,2369692.122,16.916,
97,478817.652,2369682.777,16.615,
98,478821.272,2369672.969,16.414,
99,478812.898,2369672.567,16.451,
100,478809.880,2369668.606,16.414,
101,478828.186,2369673.647,16.522,
102,478825.502,2369681.490,16.557,
103,478822.818,2369690.123,16.619,
104,478816.492,2369698.135,16.904,
105,478823.649,2369704.648,16.962,
106,478827.892,2369696.921,16.608,
107,478832.395,2369688.584,16.475,
108,478839.252,2369681.844,16.316,
109,478843.666,2369687.366,16.310,
110,478838.158,2369695.221,16.425,
111,478833.757,2369701.863,16.598,
112,478828.388,2369709.638,16.902,
113,478837.883,2369707.697,16.685,
114,478841.479,2369700.103,16.483,
115,478846.044,2369690.593,16.345,
116,478849.065,2369699.505,16.386,
117,478843.261,2369704.982,16.493,
118,478842.312,2369710.116,16.806,
119,478814.752,2369699.232,17.279,
120,478809.881,2369704.334,17.400,
121,478805.961,2369713.384,17.726,
122,478802.529,2369721.172,17.738,
123,478800.261,2369728.833,17.772,
124,478798.147,2369736.383,17.780,
125,478796.827,2369741.780,17.796,
126,478802.463,2369741.642,17.727,
127,478803.809,2369736.960,17.698,
128,478806.324,2369729.780,17.713,
129,478809.403,2369721.729,17.679,
130,478810.503,2369718.374,17.454,
131,478812.757,2369712.781,17.378,
132,478815.320,2369708.907,17.308,
133,478818.738,2369702.990,17.318,
134,478819.443,2369710.867,17.349,
135,478823.151,2369712.949,17.277,
136,478821.702,2369717.957,17.334,
137,478819.450,2369725.523,17.330,
138,478815.282,2369721.558,17.363,
139,478816.721,2369731.257,17.600,
140,478812.292,2369737.593,17.620,
141,478807.721,2369743.105,17.640,
142,478804.121,2369738.132,17.754,
143,478814.003,2369747.576,17.562,
144,478816.047,2369742.493,17.524,
145,478821.336,2369738.239,17.557,
146,478826.846,2369742.856,17.457,
147,478823.173,2369747.144,17.416,
148,478821.215,2369751.424,17.475,
149,478827.718,2369756.139,17.225,
150,478830.081,2369752.776,17.219,
151,478834.152,2369752.207,17.128,
152,478836.060,2369758.389,17.055,
153,478837.915,2369761.320,16.908,
154,478823.555,2369734.287,17.517,
155,478826.601,2369734.599,17.433,
156,478832.262,2369728.217,17.266,
157,478825.426,2369724.589,17.296,
158,478830.054,2369716.683,17.424,
159,478835.439,2369722.925,17.172,
160,478841.034,2369721.770,17.136,
161,478847.466,2369723.827,16.948,
162,478842.180,2369720.269,17.115,
163,478832.395,2369721.388,17.226,
164,478828.805,2369726.120,17.259,
165,478808.984,2369738.266,17.647,
166,478801.415,2369736.212,17.761,
167,478792.193,2369730.211,17.857,
168,478785.946,2369727.431,17.963,
169,478782.175,2369727.931,18.011,
170,478774.866,2369726.126,18.411,
171,478767.850,2369729.180,18.460,
172,478758.869,2369721.224,18.602,
173,478752.412,2369716.291,18.702,
174,478754.531,2369709.200,18.642,
175,478756.198,2369699.859,18.842,
176,478760.927,2369699.939,18.579,
177,478757.271,2369695.506,18.643,
178,478763.046,2369703.203,18.513,
179,478767.236,2369710.470,18.494,
180,478772.216,2369719.604,18.454,
181,478769.225,2369719.712,18.803,
182,478763.630,2369710.896,18.934,
183,478761.592,2369721.363,18.545,
184,478745.237,2369719.912,18.761,
185,478736.952,2369717.572,18.895,
186,478732.225,2369707.320,19.005,
187,478729.891,2369701.826,19.060,
188,478724.056,2369697.564,19.077,
189,478718.358,2369695.388,19.097,
190,478711.797,2369692.959,19.227,
